(-169285676,-85409598,-84576691), (210961823,188315403,222340373): 1000

(-169285676,-85409598,-84576691), (20838073,51452902,68881841): 598
(20838074,-85409598,-84576691), (210961823,51452902,68881841): 916
(-169285676,51452903,-84576691), (20838073,188315403,68881841): 581
(-169285676,-85409598,68881842), (20838073,51452902,222340373): 592
(20838074,51452903,-84576691), (210961823,188315403,68881841): 884
(20838074,-85409598,68881842), (210961823,51452902,222340373): 881
(-169285676,51452903,68881842), (20838073,188315403,222340373): 531
(20838074,51452903,68881842), (210961823,188315403,222340373): 602

(20838074,-85409598,-84576691), (115899948,-16978348,-7847425): 506
(115899949,-85409598,-84576691), (210961823,-16978348,-7847425): 513
(20838074,-16978347,-84576691), (115899948,51452902,-7847425): 874
(20838074,-85409598,-7847424), (115899948,-16978348,68881841): 856
(115899949,-16978347,-84576691), (210961823,51452902,-7847425): 477
(115899949,-85409598,-7847424), (210961823,-16978348,68881841): 510
(20838074,-16978347,-7847424), (115899948,51452902,68881841): 905
(115899949,-16978347,-7847424), (210961823,51452902,68881841): 498

(20838074,-16978347,-7847424), (68369011,17237277,30517208): 639
(68369012,-16978347,-7847424), (115899948,17237277,30517208): 505
(20838074,17237278,-7847424), (68369011,51452902,30517208): 693
(20838074,-16978347,30517209), (68369011,17237277,68881841): 721
(68369012,17237278,-7847424), (115899948,51452902,30517208): 626
(68369012,-16978347,30517209), (115899948,17237277,68881841): 623
(20838074,17237278,30517209), (68369011,51452902,68881841): 752
(68369012,17237278,30517209), (115899948,51452902,68881841): 620

(20838074,17237278,30517209), (44603542,34345090,49699525): 576
(44603543,17237278,30517209), (68369011,34345090,49699525): 599
(20838074,34345091,30517209), (44603542,51452902,49699525): 554
(20838074,17237278,49699526), (44603542,34345090,68881841): 542
(44603543,34345091,30517209), (68369011,51452902,49699525): 565
(44603543,17237278,49699526), (68369011,34345090,68881841): 581
(20838074,34345091,49699526), (44603542,51452902,68881841): 552
(44603543,34345091,49699526), (68369011,51452902,68881841): 567

(44603543,17237278,30517209), (56486277,25791184,40108367): 516
(56486278,17237278,30517209), (68369011,25791184,40108367): 506
(44603543,25791185,30517209), (56486277,34345090,40108367): 528
(44603543,17237278,40108368), (56486277,25791184,49699525): 517
(56486278,25791185,30517209), (68369011,34345090,40108367): 537
(56486278,17237278,40108368), (68369011,25791184,49699525): 532
(44603543,25791185,40108368), (56486277,34345090,49699525): 512
(56486278,25791185,40108368), (68369011,34345090,49699525): 529

(56486278,25791185,30517209), (62427644,30068137,35312788): 492
(62427645,25791185,30517209), (68369011,30068137,35312788): 518
(56486278,30068138,30517209), (62427644,34345090,35312788): 514
(56486278,25791185,35312789), (62427644,30068137,40108367): 518
(62427645,30068138,30517209), (68369011,34345090,35312788): 517
(62427645,25791185,35312789), (68369011,30068137,40108367): 527
(56486278,30068138,35312789), (62427644,34345090,40108367): 533
(62427645,30068138,35312789), (68369011,34345090,40108367): 527

(56486278,30068138,35312789), (59456961,32206614,37710578): 507
(59456962,30068138,35312789), (62427644,32206614,37710578): 496
(56486278,32206615,35312789), (59456961,34345090,37710578): 516
(56486278,30068138,37710579), (59456961,32206614,40108367): 521
(59456962,32206615,35312789), (62427644,34345090,37710578): 502
(59456962,30068138,37710579), (62427644,32206614,40108367): 469
(56486278,32206615,37710579), (59456961,34345090,40108367): 528
(59456962,32206615,37710579), (62427644,34345090,40108367): 491

(56486278,32206615,37710579), (57971619,33275852,38909473): 495
(57971620,32206615,37710579), (59456961,33275852,38909473): 478
(56486278,33275853,37710579), (57971619,34345090,38909473): 512
(56486278,32206615,38909474), (57971619,33275852,40108367): 497
(57971620,33275853,37710579), (59456961,34345090,38909473): 499
(57971620,32206615,38909474), (59456961,33275852,40108367): 514
(56486278,33275853,38909474), (57971619,34345090,40108367): 494
(57971620,33275853,38909474), (59456961,34345090,40108367): 493

(57971620,32206615,38909474), (58714290,32741233,39508920): 496
(58714291,32206615,38909474), (59456961,32741233,39508920): 492
(57971620,32741234,38909474), (58714290,33275852,39508920): 482
(57971620,32206615,39508921), (58714290,32741233,40108367): 516
(58714291,32741234,38909474), (59456961,33275852,39508920): 503
(58714291,32206615,39508921), (59456961,32741233,40108367): 503
(57971620,32741234,39508921), (58714290,33275852,40108367): 521
(58714291,32741234,39508921), (59456961,33275852,40108367): 515

(57971620,32741234,39508921), (58342955,33008543,39808644): 509
(58342956,32741234,39508921), (58714290,33008543,39808644): 491
(57971620,33008544,39508921), (58342955,33275852,39808644): 517
(57971620,32741234,39808645), (58342955,33008543,40108367): 498
(58342956,33008544,39508921), (58714290,33275852,39808644): 472
(58342956,32741234,39808645), (58714290,33008543,40108367): 514
(57971620,33008544,39808645), (58342955,33275852,40108367): 512
(58342956,33008544,39808645), (58714290,33275852,40108367): 492

(57971620,33008544,39508921), (58157287,33142198,39658782): 497
(58157288,33008544,39508921), (58342955,33142198,39658782): 501
(57971620,33142199,39508921), (58157287,33275852,39658782): 497
(57971620,33008544,39658783), (58157287,33142198,39808644): 502
(58157288,33142199,39508921), (58342955,33275852,39658782): 501
(58157288,33008544,39658783), (58342955,33142198,39808644): 498
(57971620,33142199,39658783), (58157287,33275852,39808644): 481
(58157288,33142199,39658783), (58342955,33275852,39808644): 523

(58157288,33142199,39658783), (58250121,33209025,39733713): 495
(58250122,33142199,39658783), (58342955,33209025,39733713): 489
(58157288,33209026,39658783), (58250121,33275852,39733713): 522
(58157288,33142199,39733714), (58250121,33209025,39808644): 535
(58250122,33209026,39658783), (58342955,33275852,39733713): 464
(58250122,33142199,39733714), (58342955,33209025,39808644): 493
(58157288,33209026,39733714), (58250121,33275852,39808644): 495
(58250122,33209026,39733714), (58342955,33275852,39808644): 503

(58157288,33142199,39733714), (58203704,33175612,39771179): 496
(58203705,33142199,39733714), (58250121,33175612,39771179): 494
(58157288,33175613,39733714), (58203704,33209025,39771179): 512
(58157288,33142199,39771180), (58203704,33175612,39808644): 504
(58203705,33175613,39733714), (58250121,33209025,39771179): 508
(58203705,33142199,39771180), (58250121,33175612,39808644): 527
(58157288,33175613,39771180), (58203704,33209025,39808644): 485
(58203705,33175613,39771180), (58250121,33209025,39808644): 504

(58203705,33142199,39771180), (58226913,33158905,39789912): 530
(58226914,33142199,39771180), (58250121,33158905,39789912): 498
(58203705,33158906,39771180), (58226913,33175612,39789912): 502
(58203705,33142199,39789913), (58226913,33158905,39808644): 498
(58226914,33158906,39771180), (58250121,33175612,39789912): 505
(58226914,33142199,39789913), (58250121,33158905,39808644): 516
(58203705,33158906,39789913), (58226913,33175612,39808644): 490
(58226914,33158906,39789913), (58250121,33175612,39808644): 525

(58203705,33142199,39771180), (58215309,33150552,39780546): 511
(58215310,33142199,39771180), (58226913,33150552,39780546): 501
(58203705,33150553,39771180), (58215309,33158905,39780546): 513
(58203705,33142199,39780547), (58215309,33150552,39789912): 502
(58215310,33150553,39771180), (58226913,33158905,39780546): 503
(58215310,33142199,39780547), (58226913,33150552,39789912): 504
(58203705,33150553,39780547), (58215309,33158905,39789912): 511
(58215310,33150553,39780547), (58226913,33158905,39789912): 528

(58215310,33150553,39780547), (58221111,33154729,39785229): 479
(58221112,33150553,39780547), (58226913,33154729,39785229): 498
(58215310,33154730,39780547), (58221111,33158905,39785229): 509
(58215310,33150553,39785230), (58221111,33154729,39789912): 520
(58221112,33154730,39780547), (58226913,33158905,39785229): 492
(58221112,33150553,39785230), (58226913,33154729,39789912): 511
(58215310,33154730,39785230), (58221111,33158905,39789912): 506
(58221112,33154730,39785230), (58226913,33158905,39789912): 512

(58215310,33150553,39785230), (58218210,33152641,39787571): 502
(58218211,33150553,39785230), (58221111,33152641,39787571): 523
(58215310,33152642,39785230), (58218210,33154729,39787571): 499
(58215310,33150553,39787572), (58218210,33152641,39789912): 502
(58218211,33152642,39785230), (58221111,33154729,39787571): 497
(58218211,33150553,39787572), (58221111,33152641,39789912): 510
(58215310,33152642,39787572), (58218210,33154729,39789912): 493
(58218211,33152642,39787572), (58221111,33154729,39789912): 485

(58218211,33150553,39785230), (58219661,33151597,39786400): 515
(58219662,33150553,39785230), (58221111,33151597,39786400): 499
(58218211,33151598,39785230), (58219661,33152641,39786400): 517
(58218211,33150553,39786401), (58219661,33151597,39787571): 504
(58219662,33151598,39785230), (58221111,33152641,39786400): 503
(58219662,33150553,39786401), (58221111,33151597,39787571): 523
(58218211,33151598,39786401), (58219661,33152641,39787571): 475
(58219662,33151598,39786401), (58221111,33152641,39787571): 487

(58219662,33150553,39786401), (58220386,33151075,39786986): 527
(58220387,33150553,39786401), (58221111,33151075,39786986): 490
(58219662,33151076,39786401), (58220386,33151597,39786986): 491
(58219662,33150553,39786987), (58220386,33151075,39787571): 533
(58220387,33151076,39786401), (58221111,33151597,39786986): 483
(58220387,33150553,39786987), (58221111,33151075,39787571): 473
(58219662,33151076,39786987), (58220386,33151597,39787571): 495
(58220387,33151076,39786987), (58221111,33151597,39787571): 499

(58219662,33150553,39786987), (58220024,33150814,39787279): 513
(58220025,33150553,39786987), (58220386,33150814,39787279): 493
(58219662,33150815,39786987), (58220024,33151075,39787279): 490
(58219662,33150553,39787280), (58220024,33150814,39787571): 488
(58220025,33150815,39786987), (58220386,33151075,39787279): 498
(58220025,33150553,39787280), (58220386,33150814,39787571): 508
(58219662,33150815,39787280), (58220024,33151075,39787571): 526
(58220025,33150815,39787280), (58220386,33151075,39787571): 511

(58219662,33150815,39787280), (58219843,33150945,39787425): 514
(58219844,33150815,39787280), (58220024,33150945,39787425): 506
(58219662,33150946,39787280), (58219843,33151075,39787425): 506
(58219662,33150815,39787426), (58219843,33150945,39787571): 529
(58219844,33150946,39787280), (58220024,33151075,39787425): 515
(58219844,33150815,39787426), (58220024,33150945,39787571): 508
(58219662,33150946,39787426), (58219843,33151075,39787571): 478
(58219844,33150946,39787426), (58220024,33151075,39787571): 468
131157903
